augmentation: without_aug
batch_size: 45
beta_loss: 0.016063800410738464
drop_rate: 0.2
image_size: 27
lr: 0.002495379490073152
optimizer: Adam
with_features: true